0[2176] ЁЯАЖЁЯАЖЁЯАЖЁЯАЖЁЯАлЁЯАлЁЯАлЁЯАл 0[104]
0[1944] ЁЯАлЁЯАлЁЯАлЁЯАлЁЯАлЁЯАлЁЯАлЁЯАл 0[336]
0[0] ЁЯАЖЁЯАЖЁЯАЖЁЯАЖЁЯАлЁЯАлЁЯАлЁЯАл 0[2280]
0[1720] ЁЯАлЁЯАлЁЯАлЁЯАлЁЯАЖЁЯАЖЁЯАЖЁЯАЖ 0[560]
0[1608] ЁЯАЖЁЯАЖЁЯАЖЁЯАЖЁЯАлЁЯАлЁЯАлЁЯАл 0[672]
0[1600] ЁЯАлЁЯАлЁЯАлЁЯАлЁЯАлЁЯАлЁЯАлЁЯАл 0[680]
0[1600] ЁЯАлЁЯАлЁЯАлЁЯАлЁЯАЖЁЯАЖЁЯАЖЁЯАЖ 0[680]
0[1600] ЁЯАЖЁЯАЖЁЯАЖЁЯАЖЁЯАлЁЯАлЁЯАлЁЯАл 0[680]
0[1256] ЁЯАлЁЯАлЁЯАлЁЯАлЁЯАлЁЯАлЁЯАлЁЯАл 0[1024]
0[1720] ЁЯАЖЁЯАЖЁЯАЖЁЯАЖЁЯАлЁЯАлЁЯАлЁЯАл 0[560]
0[1480] ЁЯАлЁЯАлЁЯАлЁЯАлЁЯАЖЁЯАЖЁЯАЖЁЯАЖ 0[800]
0[912] ЁЯАлЁЯАлЁЯАлЁЯАлЁЯАлЁЯАлЁЯАлЁЯАл 0[1368]
0[1136] ЁЯАлЁЯАлЁЯАлЁЯАлЁЯАлЁЯАлЁЯАлЁЯАл 0[1144]
0[1368] ЁЯАЖЁЯАЖЁЯАЖЁЯАЖЁЯАлЁЯАлЁЯАлЁЯАл 0[912]
0[680] ЁЯАлЁЯАлЁЯАлЁЯАлЁЯАлЁЯАлЁЯАлЁЯАл 0[1600]
0[1136] ЁЯАЖЁЯАЖЁЯАЖЁЯАЖЁЯАлЁЯАлЁЯАлЁЯАл 0[1144]
0[1248] ЁЯАлЁЯАлЁЯАлЁЯАлЁЯАЖЁЯАЖЁЯАЖЁЯАЖ 0[1032]
0[224] ЁЯАлЁЯАлЁЯАлЁЯАлЁЯАлЁЯАлЁЯАлЁЯАл 0[2056]
0[1592] ЁЯАлЁЯАлЁЯАлЁЯАлЁЯАЖЁЯАЖЁЯАЖЁЯАЖ 0[688]
0[560] ЁЯАлЁЯАлЁЯАлЁЯАлЁЯАлЁЯАлЁЯАлЁЯАл 0[1720]
0[2064] ЁЯАлЁЯАлЁЯАлЁЯАлЁЯАЖЁЯАЖЁЯАЖЁЯАЖ 0[216]
0[1480] ЁЯАлЁЯАлЁЯАлЁЯАлЁЯАлЁЯАлЁЯАлЁЯАл 0[800]
0[2064] ЁЯАЖЁЯАЖЁЯАЖЁЯАЖЁЯАлЁЯАлЁЯАлЁЯАл 0[216]
0[2176] ЁЯАлЁЯАлЁЯАлЁЯАлЁЯАЖЁЯАЖЁЯАЖЁЯАЖ 0[104]
0[1608] ЁЯАлЁЯАлЁЯАлЁЯАлЁЯАлЁЯАлЁЯАлЁЯАл 0[672]
0[1832] ЁЯАлЁЯАлЁЯАлЁЯАлЁЯАлЁЯАлЁЯАлЁЯАл 0[448]
0[1720] ЁЯАлЁЯАлЁЯАлЁЯАлЁЯАлЁЯАлЁЯАлЁЯАл 0[560]
0[1472] ЁЯАлЁЯАлЁЯАлЁЯАлЁЯАлЁЯАлЁЯАлЁЯАл 0[808]
0[1128] ЁЯАлЁЯАлЁЯАлЁЯАлЁЯАлЁЯАлЁЯАлЁЯАл 0[1152]
0[1832] ЁЯАлЁЯАлЁЯАлЁЯАлЁЯАЖЁЯАЖЁЯАЖЁЯАЖ 0[448]
0[1584] ЁЯАлЁЯАлЁЯАлЁЯАлЁЯАлЁЯАлЁЯАлЁЯАл 0[696]
0[1240] ЁЯАлЁЯАлЁЯАлЁЯАлЁЯАЖЁЯАЖЁЯАЖЁЯАЖ 0[1040]
0[1832] ЁЯАЖЁЯАЖЁЯАЖЁЯАЖЁЯАлЁЯАлЁЯАлЁЯАл 0[448]
0[1120] ЁЯАЖЁЯАЖЁЯАЖЁЯАЖЁЯАлЁЯАлЁЯАлЁЯАл 0[1160]
0[672] ЁЯАлЁЯАлЁЯАлЁЯАлЁЯАЖЁЯАЖЁЯАЖЁЯАЖ 0[1608]
0[1112] ЁЯАлЁЯАлЁЯАлЁЯАлЁЯАлЁЯАлЁЯАлЁЯАл 0[1168]
0[664] ЁЯАлЁЯАлЁЯАлЁЯАлЁЯАлЁЯАлЁЯАлЁЯАл 0[1616]
0[1112] ЁЯАлЁЯАлЁЯАлЁЯАлЁЯАЖЁЯАЖЁЯАЖЁЯАЖ 0[1168]
0[1112] ЁЯАЖЁЯАЖЁЯАЖЁЯАЖЁЯАлЁЯАлЁЯАлЁЯАл 0[1168]
0[2176] ЁЯАлЁЯАлЁЯАлЁЯАлЁЯАлЁЯАлЁЯАлЁЯАл 0[104]
0[2168] ЁЯАлЁЯАлЁЯАлЁЯАлЁЯАлЁЯАлЁЯАлЁЯАл 0[112]
0[2168] ЁЯАлЁЯАлЁЯАлЁЯАлЁЯАЖЁЯАЖЁЯАЖЁЯАЖ 0[112]
0[2168] ЁЯАЖЁЯАЖЁЯАЖЁЯАЖЁЯАлЁЯАлЁЯАлЁЯАл 0[112]
0[1824] ЁЯАлЁЯАлЁЯАлЁЯАлЁЯАлЁЯАлЁЯАлЁЯАл 0[456]
0[2048] ЁЯАлЁЯАлЁЯАлЁЯАлЁЯАлЁЯАлЁЯАлЁЯАл 0[232]
0[2048] ЁЯАлЁЯАлЁЯАлЁЯАлЁЯАЖЁЯАЖЁЯАЖЁЯАЖ 0[232]
0[2160] ЁЯАлЁЯАлЁЯАлЁЯАлЁЯАлЁЯАлЁЯАлЁЯАл 0[120]
0[1936] ЁЯАЖЁЯАЖЁЯАЖЁЯАЖЁЯАлЁЯАлЁЯАлЁЯАл 0[344]
0[1456] ЁЯАлЁЯАлЁЯАлЁЯАлЁЯАлЁЯАлЁЯАлЁЯАл 0[824]
0[1456] ЁЯАлЁЯАлЁЯАлЁЯАлЁЯАЖЁЯАЖЁЯАЖЁЯАЖ 0[824]
0[1232] ЁЯАЖЁЯАЖЁЯАЖЁЯАЖЁЯАлЁЯАлЁЯАлЁЯАл 0[1048]
0[1224] ЁЯАлЁЯАлЁЯАлЁЯАлЁЯАлЁЯАлЁЯАлЁЯАл 0[1056]
0[1096] ЁЯАлЁЯАлЁЯАлЁЯАлЁЯАлЁЯАлЁЯАлЁЯАл 0[1184]
0[1096] ЁЯАлЁЯАлЁЯАлЁЯАлЁЯАЖЁЯАЖЁЯАЖЁЯАЖ 0[1184]
0[1096] ЁЯАЖЁЯАЖЁЯАЖЁЯАЖЁЯАлЁЯАлЁЯАлЁЯАл 0[1184]
0[872] ЁЯАлЁЯАлЁЯАлЁЯАлЁЯАлЁЯАлЁЯАлЁЯАл 0[1408]
0[768] ЁЯАЖЁЯАЖЁЯАЖЁЯАЖЁЯАлЁЯАлЁЯАлЁЯАл 0[1512]
0[1696] ЁЯАлЁЯАлЁЯАлЁЯАлЁЯАлЁЯАлЁЯАлЁЯАл 0[584]
0[872] ЁЯАЖЁЯАЖЁЯАЖЁЯАЖЁЯАлЁЯАлЁЯАлЁЯАл 0[1408]
0[2184] ЁЯАЖЁЯАЖЁЯАЖЁЯАЖЁЯАлЁЯАлЁЯАлЁЯАл 0[96]
0[2160] ЁЯАлЁЯАлЁЯАлЁЯАлЁЯАЖЁЯАЖЁЯАЖЁЯАЖ 0[120]
0[2040] ЁЯАлЁЯАлЁЯАлЁЯАлЁЯАлЁЯАлЁЯАлЁЯАл 0[240]
0[2160] ЁЯАЖЁЯАЖЁЯАЖЁЯАЖЁЯАлЁЯАлЁЯАлЁЯАл 0[120]
0[1704] ЁЯАЖЁЯАЖЁЯАЖЁЯАЖЁЯАлЁЯАлЁЯАлЁЯАл 0[576]
0[1576] ЁЯАЖЁЯАЖЁЯАЖЁЯАЖЁЯАлЁЯАлЁЯАлЁЯАл 0[704]
0[1928] ЁЯАлЁЯАлЁЯАлЁЯАлЁЯАЖЁЯАЖЁЯАЖЁЯАЖ 0[352]
0[1928] ЁЯАЖЁЯАЖЁЯАЖЁЯАЖЁЯАлЁЯАлЁЯАлЁЯАл 0[352]
0[1808] ЁЯАлЁЯАлЁЯАлЁЯАлЁЯАЖЁЯАЖЁЯАЖЁЯАЖ 0[472]
0[2152] ЁЯАлЁЯАлЁЯАлЁЯАлЁЯАлЁЯАлЁЯАлЁЯАл 0[128]
0[984] ЁЯАлЁЯАлЁЯАлЁЯАлЁЯАЖЁЯАЖЁЯАЖЁЯАЖ 0[1296]
0[872] ЁЯАлЁЯАлЁЯАлЁЯАлЁЯАЖЁЯАЖЁЯАЖЁЯАЖ 0[1408]
0[1688] ЁЯАЖЁЯАЖЁЯАЖЁЯАЖЁЯАлЁЯАлЁЯАлЁЯАл 0[592]
0[976] ЁЯАлЁЯАлЁЯАлЁЯАлЁЯАлЁЯАлЁЯАлЁЯАл 0[1304]
0[752] ЁЯАлЁЯАлЁЯАлЁЯАлЁЯАлЁЯАлЁЯАлЁЯАл 0[1528]
0[536] ЁЯАЖЁЯАЖЁЯАЖЁЯАЖЁЯАлЁЯАлЁЯАлЁЯАл 0[1744]
0[976] ЁЯАлЁЯАлЁЯАлЁЯАлЁЯАЖЁЯАЖЁЯАЖЁЯАЖ 0[1304]
0[976] ЁЯАЖЁЯАЖЁЯАЖЁЯАЖЁЯАлЁЯАлЁЯАлЁЯАл 0[1304]
0[1336] ЁЯАЖЁЯАЖЁЯАЖЁЯАЖЁЯАлЁЯАлЁЯАлЁЯАл 0[944]
0[1680] ЁЯАлЁЯАлЁЯАлЁЯАлЁЯАлЁЯАлЁЯАлЁЯАл 0[600]
0[2184] ЁЯАлЁЯАлЁЯАлЁЯАлЁЯАЖЁЯАЖЁЯАЖЁЯАЖ 0[96]
0[2152] ЁЯАлЁЯАлЁЯАлЁЯАлЁЯАЖЁЯАЖЁЯАЖЁЯАЖ 0[128]
0[2152] ЁЯАЖЁЯАЖЁЯАЖЁЯАЖЁЯАлЁЯАлЁЯАлЁЯАл 0[128]
0[2032] ЁЯАлЁЯАлЁЯАлЁЯАлЁЯАЖЁЯАЖЁЯАЖЁЯАЖ 0[248]
0[1688] ЁЯАлЁЯАлЁЯАлЁЯАлЁЯАЖЁЯАЖЁЯАЖЁЯАЖ 0[592]
0[2144] ЁЯАлЁЯАлЁЯАлЁЯАлЁЯАлЁЯАлЁЯАлЁЯАл 0[136]
0[1680] ЁЯАЖЁЯАЖЁЯАЖЁЯАЖЁЯАлЁЯАлЁЯАлЁЯАл 0[600]
0[2024] ЁЯАлЁЯАлЁЯАлЁЯАлЁЯАлЁЯАлЁЯАлЁЯАл 0[256]
0[1328] ЁЯАлЁЯАлЁЯАлЁЯАлЁЯАЖЁЯАЖЁЯАЖЁЯАЖ 0[952]
0[1672] ЁЯАлЁЯАлЁЯАлЁЯАлЁЯАЖЁЯАЖЁЯАЖЁЯАЖ 0[608]
0[1080] ЁЯАлЁЯАлЁЯАлЁЯАлЁЯАЖЁЯАЖЁЯАЖЁЯАЖ 0[1200]
0[1432] ЁЯАлЁЯАлЁЯАлЁЯАлЁЯАЖЁЯАЖЁЯАЖЁЯАЖ 0[848]
0[744] ЁЯАлЁЯАлЁЯАлЁЯАлЁЯАЖЁЯАЖЁЯАЖЁЯАЖ 0[1536]
0[744] ЁЯАЖЁЯАЖЁЯАЖЁЯАЖЁЯАлЁЯАлЁЯАлЁЯАл 0[1536]
0[736] ЁЯАлЁЯАлЁЯАлЁЯАлЁЯАлЁЯАлЁЯАлЁЯАл 0[1544]
0[736] ЁЯАлЁЯАлЁЯАлЁЯАлЁЯАЖЁЯАЖЁЯАЖЁЯАЖ 0[1544]
0[2144] ЁЯАлЁЯАлЁЯАлЁЯАлЁЯАЖЁЯАЖЁЯАЖЁЯАЖ 0[136]
0[1200] ЁЯАлЁЯАлЁЯАлЁЯАлЁЯАлЁЯАлЁЯАлЁЯАл 0[1080]
0[616] ЁЯАлЁЯАлЁЯАлЁЯАлЁЯАлЁЯАлЁЯАлЁЯАл 0[1664]
0[1320] ЁЯАЖЁЯАЖЁЯАЖЁЯАЖЁЯАлЁЯАлЁЯАлЁЯАл 0[960]
0[2184] ЁЯАлЁЯАлЁЯАлЁЯАлЁЯАлЁЯАлЁЯАлЁЯАл 0[96]
0[2144] ЁЯАЖЁЯАЖЁЯАЖЁЯАЖЁЯАлЁЯАлЁЯАлЁЯАл 0[136]
0[2024] ЁЯАЖЁЯАЖЁЯАЖЁЯАЖЁЯАлЁЯАлЁЯАлЁЯАл 0[256]
0[1800] ЁЯАЖЁЯАЖЁЯАЖЁЯАЖЁЯАлЁЯАлЁЯАлЁЯАл 0[480]
0[1672] ЁЯАЖЁЯАЖЁЯАЖЁЯАЖЁЯАлЁЯАлЁЯАлЁЯАл 0[608]
0[1544] ЁЯАлЁЯАлЁЯАлЁЯАлЁЯАлЁЯАлЁЯАлЁЯАл 0[736]
0[1912] ЁЯАЖЁЯАЖЁЯАЖЁЯАЖЁЯАлЁЯАлЁЯАлЁЯАл 0[368]
0[1424] ЁЯАлЁЯАлЁЯАлЁЯАлЁЯАлЁЯАлЁЯАлЁЯАл 0[856]
0[2136] ЁЯАлЁЯАлЁЯАлЁЯАлЁЯАлЁЯАлЁЯАлЁЯАл 0[144]
0[1536] ЁЯАлЁЯАлЁЯАлЁЯАлЁЯАлЁЯАлЁЯАлЁЯАл 0[744]
0[1192] ЁЯАлЁЯАлЁЯАлЁЯАлЁЯАлЁЯАлЁЯАлЁЯАл 0[1088]
0[1312] ЁЯАЖЁЯАЖЁЯАЖЁЯАЖЁЯАлЁЯАлЁЯАлЁЯАл 0[968]
0[1536] ЁЯАлЁЯАлЁЯАлЁЯАлЁЯАЖЁЯАЖЁЯАЖЁЯАЖ 0[744]
0[1304] ЁЯАлЁЯАлЁЯАлЁЯАлЁЯАЖЁЯАЖЁЯАЖЁЯАЖ 0[976]
0[1056] ЁЯАлЁЯАлЁЯАлЁЯАлЁЯАЖЁЯАЖЁЯАЖЁЯАЖ 0[1224]
0[1416] ЁЯАлЁЯАлЁЯАлЁЯАлЁЯАЖЁЯАЖЁЯАЖЁЯАЖ 0[864]
0[608] ЁЯАлЁЯАлЁЯАлЁЯАлЁЯАЖЁЯАЖЁЯАЖЁЯАЖ 0[1672]
0[304] ЁЯАлЁЯАлЁЯАлЁЯАлЁЯАЖЁЯАЖЁЯАЖЁЯАЖ 0[1976]
0[400] ЁЯАлЁЯАлЁЯАлЁЯАлЁЯАлЁЯАлЁЯАлЁЯАл 0[1880]
0[0] ЁЯАлЁЯАлЁЯАлЁЯАлЁЯАЖЁЯАЖЁЯАЖЁЯАЖ 0[2280]
0[2192] ЁЯАЖЁЯАЖЁЯАЖЁЯАЖЁЯАлЁЯАлЁЯАлЁЯАл 0[88]
0[2016] ЁЯАлЁЯАлЁЯАлЁЯАлЁЯАлЁЯАлЁЯАлЁЯАл 0[264]
0[2136] ЁЯАлЁЯАлЁЯАлЁЯАлЁЯАЖЁЯАЖЁЯАЖЁЯАЖ 0[144]
0[1904] ЁЯАлЁЯАлЁЯАлЁЯАлЁЯАЖЁЯАЖЁЯАЖЁЯАЖ 0[376]
0[1664] ЁЯАлЁЯАлЁЯАлЁЯАлЁЯАЖЁЯАЖЁЯАЖЁЯАЖ 0[616]
0[1664] ЁЯАЖЁЯАЖЁЯАЖЁЯАЖЁЯАлЁЯАлЁЯАлЁЯАл 0[616]
0[1416] ЁЯАлЁЯАлЁЯАлЁЯАлЁЯАлЁЯАлЁЯАлЁЯАл 0[864]
0[1656] ЁЯАлЁЯАлЁЯАлЁЯАлЁЯАлЁЯАлЁЯАлЁЯАл 0[624]
0[2016] ЁЯАЖЁЯАЖЁЯАЖЁЯАЖЁЯАлЁЯАлЁЯАлЁЯАл 0[264]
0[1784] ЁЯАлЁЯАлЁЯАлЁЯАлЁЯАлЁЯАлЁЯАлЁЯАл 0[496]
0[1408] ЁЯАЖЁЯАЖЁЯАЖЁЯАЖЁЯАлЁЯАлЁЯАлЁЯАл 0[872]
0[1648] ЁЯАлЁЯАлЁЯАлЁЯАлЁЯАлЁЯАлЁЯАлЁЯАл 0[632]
0[1648] ЁЯАлЁЯАлЁЯАлЁЯАлЁЯАЖЁЯАЖЁЯАЖЁЯАЖ 0[632]
0[1168] ЁЯАлЁЯАлЁЯАлЁЯАлЁЯАлЁЯАлЁЯАлЁЯАл 0[1112]
0[824] ЁЯАлЁЯАлЁЯАлЁЯАлЁЯАлЁЯАлЁЯАлЁЯАл 0[1456]
0[2136] ЁЯАЖЁЯАЖЁЯАЖЁЯАЖЁЯАлЁЯАлЁЯАлЁЯАл 0[144]
0[1168] ЁЯАЖЁЯАЖЁЯАЖЁЯАЖЁЯАлЁЯАлЁЯАлЁЯАл 0[1112]
0[1160] ЁЯАлЁЯАлЁЯАлЁЯАлЁЯАлЁЯАлЁЯАлЁЯАл 0[1120]
0[2128] ЁЯАлЁЯАлЁЯАлЁЯАлЁЯАлЁЯАлЁЯАлЁЯАл 0[152]
0[1280] ЁЯАлЁЯАлЁЯАлЁЯАлЁЯАЖЁЯАЖЁЯАЖЁЯАЖ 0[1000]
0[488] ЁЯАлЁЯАлЁЯАлЁЯАлЁЯАлЁЯАлЁЯАлЁЯАл 0[1792]
0[2008] ЁЯАлЁЯАлЁЯАлЁЯАлЁЯАлЁЯАлЁЯАлЁЯАл 0[272]
0[2192] ЁЯАлЁЯАлЁЯАлЁЯАлЁЯАЖЁЯАЖЁЯАЖЁЯАЖ 0[88]
0[2128] ЁЯАлЁЯАлЁЯАлЁЯАлЁЯАЖЁЯАЖЁЯАЖЁЯАЖ 0[152]
0[1784] ЁЯАЖЁЯАЖЁЯАЖЁЯАЖЁЯАлЁЯАлЁЯАлЁЯАл 0[496]
0[1520] ЁЯАлЁЯАлЁЯАлЁЯАлЁЯАЖЁЯАЖЁЯАЖЁЯАЖ 0[760]
0[1896] ЁЯАЖЁЯАЖЁЯАЖЁЯАЖЁЯАлЁЯАлЁЯАлЁЯАл 0[384]
0[1640] ЁЯАлЁЯАлЁЯАлЁЯАлЁЯАЖЁЯАЖЁЯАЖЁЯАЖ 0[640]
0[2000] ЁЯАлЁЯАлЁЯАлЁЯАлЁЯАлЁЯАлЁЯАлЁЯАл 0[280]
0[1776] ЁЯАЖЁЯАЖЁЯАЖЁЯАЖЁЯАлЁЯАлЁЯАлЁЯАл 0[504]
0[1272] ЁЯАлЁЯАлЁЯАлЁЯАлЁЯАлЁЯАлЁЯАлЁЯАл 0[1008]
0[1632] ЁЯАлЁЯАлЁЯАлЁЯАлЁЯАЖЁЯАЖЁЯАЖЁЯАЖ 0[648]
0[1888] ЁЯАлЁЯАлЁЯАлЁЯАлЁЯАЖЁЯАЖЁЯАЖЁЯАЖ 0[392]
0[1024] ЁЯАЖЁЯАЖЁЯАЖЁЯАЖЁЯАлЁЯАлЁЯАлЁЯАл 0[1256]
0[808] ЁЯАлЁЯАлЁЯАлЁЯАлЁЯАЖЁЯАЖЁЯАЖЁЯАЖ 0[1472]
0[912] ЁЯАлЁЯАлЁЯАлЁЯАлЁЯАЖЁЯАЖЁЯАЖЁЯАЖ 0[1368]
0[1016] ЁЯАлЁЯАлЁЯАлЁЯАлЁЯАлЁЯАлЁЯАлЁЯАл 0[1264]
0[904] ЁЯАлЁЯАлЁЯАлЁЯАлЁЯАлЁЯАлЁЯАлЁЯАл 0[1376]
0[1384] ЁЯАЖЁЯАЖЁЯАЖЁЯАЖЁЯАлЁЯАлЁЯАлЁЯАл 0[896]
0[480] ЁЯАЖЁЯАЖЁЯАЖЁЯАЖЁЯАлЁЯАлЁЯАлЁЯАл 0[1800]
0[2192] ЁЯАлЁЯАлЁЯАлЁЯАлЁЯАлЁЯАлЁЯАлЁЯАл 0[88]
0[2128] ЁЯАЖЁЯАЖЁЯАЖЁЯАЖЁЯАлЁЯАлЁЯАлЁЯАл 0[152]
0[1888] ЁЯАлЁЯАлЁЯАлЁЯАлЁЯАлЁЯАлЁЯАлЁЯАл 0[392]
0[2000] ЁЯАлЁЯАлЁЯАлЁЯАлЁЯАЖЁЯАЖЁЯАЖЁЯАЖ 0[280]
0[1632] ЁЯАЖЁЯАЖЁЯАЖЁЯАЖЁЯАлЁЯАлЁЯАлЁЯАл 0[648]
0[1880] ЁЯАлЁЯАлЁЯАлЁЯАлЁЯАлЁЯАлЁЯАлЁЯАл 0[400]
0[1504] ЁЯАЖЁЯАЖЁЯАЖЁЯАЖЁЯАлЁЯАлЁЯАлЁЯАл 0[776]
0[1768] ЁЯАЖЁЯАЖЁЯАЖЁЯАЖЁЯАлЁЯАлЁЯАлЁЯАл 0[512]
0[1376] ЁЯАлЁЯАлЁЯАлЁЯАлЁЯАЖЁЯАЖЁЯАЖЁЯАЖ 0[904]
0[1624] ЁЯАЖЁЯАЖЁЯАЖЁЯАЖЁЯАлЁЯАлЁЯАлЁЯАл 0[656]
0[1496] ЁЯАЖЁЯАЖЁЯАЖЁЯАЖЁЯАлЁЯАлЁЯАлЁЯАл 0[784]
0[1008] ЁЯАлЁЯАлЁЯАлЁЯАлЁЯАлЁЯАлЁЯАлЁЯАл 0[1272]
0[2000] ЁЯАЖЁЯАЖЁЯАЖЁЯАЖЁЯАлЁЯАлЁЯАлЁЯАл 0[280]
0[688] ЁЯАЖЁЯАЖЁЯАЖЁЯАЖЁЯАлЁЯАлЁЯАлЁЯАл 0[1592]
0[1760] ЁЯАлЁЯАлЁЯАлЁЯАлЁЯАЖЁЯАЖЁЯАЖЁЯАЖ 0[520]
0[1992] ЁЯАлЁЯАлЁЯАлЁЯАлЁЯАлЁЯАлЁЯАлЁЯАл 0[288]
0[1120] ЁЯАлЁЯАлЁЯАлЁЯАлЁЯАлЁЯАлЁЯАлЁЯАл 0[1160]
0[1120] ЁЯАлЁЯАлЁЯАлЁЯАлЁЯАЖЁЯАЖЁЯАЖЁЯАЖ 0[1160]
0[1360] ЁЯАЖЁЯАЖЁЯАЖЁЯАЖЁЯАлЁЯАлЁЯАлЁЯАл 0[920]
0[0] ЁЯАлЁЯАлЁЯАлЁЯАлЁЯАлЁЯАлЁЯАлЁЯАл 0[2280]
0[2200] ЁЯАЖЁЯАЖЁЯАЖЁЯАЖЁЯАлЁЯАлЁЯАлЁЯАл 0[80]
0[2120] ЁЯАлЁЯАлЁЯАлЁЯАлЁЯАлЁЯАлЁЯАлЁЯАл 0[160]
0[1880] ЁЯАЖЁЯАЖЁЯАЖЁЯАЖЁЯАлЁЯАлЁЯАлЁЯАл 0[400]
0[1872] ЁЯАлЁЯАлЁЯАлЁЯАлЁЯАлЁЯАлЁЯАлЁЯАл 0[408]
0[2120] ЁЯАлЁЯАлЁЯАлЁЯАлЁЯАЖЁЯАЖЁЯАЖЁЯАЖ 0[160]
0[1752] ЁЯАлЁЯАлЁЯАлЁЯАлЁЯАЖЁЯАЖЁЯАЖЁЯАЖ 0[528]
0[1592] ЁЯАлЁЯАлЁЯАлЁЯАлЁЯАлЁЯАлЁЯАлЁЯАл 0[688]
0[1472] ЁЯАлЁЯАлЁЯАлЁЯАлЁЯАЖЁЯАЖЁЯАЖЁЯАЖ 0[808]
0[1992] ЁЯАЖЁЯАЖЁЯАЖЁЯАЖЁЯАлЁЯАлЁЯАлЁЯАл 0[288]
0[992] ЁЯАлЁЯАлЁЯАлЁЯАлЁЯАлЁЯАлЁЯАлЁЯАл 0[1288]
0[1584] ЁЯАлЁЯАлЁЯАлЁЯАлЁЯАЖЁЯАЖЁЯАЖЁЯАЖ 0[696]
0[784] ЁЯАЖЁЯАЖЁЯАЖЁЯАЖЁЯАлЁЯАлЁЯАлЁЯАл 0[1496]
0[1104] ЁЯАЖЁЯАЖЁЯАЖЁЯАЖЁЯАлЁЯАлЁЯАлЁЯАл 0[1176]
0[1464] ЁЯАлЁЯАлЁЯАлЁЯАлЁЯАЖЁЯАЖЁЯАЖЁЯАЖ 0[816]
0[568] ЁЯАЖЁЯАЖЁЯАЖЁЯАЖЁЯАлЁЯАлЁЯАлЁЯАл 0[1712]
0[2120] ЁЯАЖЁЯАЖЁЯАЖЁЯАЖЁЯАлЁЯАлЁЯАлЁЯАл 0[160]
0[280] ЁЯАлЁЯАлЁЯАлЁЯАлЁЯАЖЁЯАЖЁЯАЖЁЯАЖ 0[2000]
0[368] ЁЯАлЁЯАлЁЯАлЁЯАлЁЯАлЁЯАлЁЯАлЁЯАл 0[1912]
0[184] ЁЯАлЁЯАлЁЯАлЁЯАлЁЯАЖЁЯАЖЁЯАЖЁЯАЖ 0[2096]
0[96] ЁЯАЖЁЯАЖЁЯАЖЁЯАЖЁЯАлЁЯАлЁЯАлЁЯАл 0[2184]
0[2200] ЁЯАлЁЯАлЁЯАлЁЯАлЁЯАЖЁЯАЖЁЯАЖЁЯАЖ 0[80]
0[1984] ЁЯАлЁЯАлЁЯАлЁЯАлЁЯАлЁЯАлЁЯАлЁЯАл 0[296]
0[1984] ЁЯАлЁЯАлЁЯАлЁЯАлЁЯАЖЁЯАЖЁЯАЖЁЯАЖ 0[296]
0[1864] ЁЯАлЁЯАлЁЯАлЁЯАлЁЯАЖЁЯАЖЁЯАЖЁЯАЖ 0[416]
0[1584] ЁЯАЖЁЯАЖЁЯАЖЁЯАЖЁЯАлЁЯАлЁЯАлЁЯАл 0[696]
0[1576] ЁЯАлЁЯАлЁЯАлЁЯАлЁЯАлЁЯАлЁЯАлЁЯАл 0[704]
0[1576] ЁЯАлЁЯАлЁЯАлЁЯАлЁЯАЖЁЯАЖЁЯАЖЁЯАЖ 0[704]
0[1344] ЁЯАЖЁЯАЖЁЯАЖЁЯАЖЁЯАлЁЯАлЁЯАлЁЯАл 0[936]
0[1088] ЁЯАлЁЯАлЁЯАлЁЯАлЁЯАЖЁЯАЖЁЯАЖЁЯАЖ 0[1192]
0[984] ЁЯАЖЁЯАЖЁЯАЖЁЯАЖЁЯАлЁЯАлЁЯАлЁЯАл 0[1296]
0[2112] ЁЯАлЁЯАлЁЯАлЁЯАлЁЯАлЁЯАлЁЯАлЁЯАл 0[168]
0[1080] ЁЯАлЁЯАлЁЯАлЁЯАлЁЯАлЁЯАлЁЯАлЁЯАл 0[1200]
0[2112] ЁЯАлЁЯАлЁЯАлЁЯАлЁЯАЖЁЯАЖЁЯАЖЁЯАЖ 0[168]
0[1568] ЁЯАЖЁЯАЖЁЯАЖЁЯАЖЁЯАлЁЯАлЁЯАлЁЯАл 0[712]
0[1856] ЁЯАлЁЯАлЁЯАлЁЯАлЁЯАЖЁЯАЖЁЯАЖЁЯАЖ 0[424]
0[464] ЁЯАЖЁЯАЖЁЯАЖЁЯАЖЁЯАлЁЯАлЁЯАлЁЯАл 0[1816]
0[368] ЁЯАлЁЯАлЁЯАлЁЯАлЁЯАЖЁЯАЖЁЯАЖЁЯАЖ 0[1912]
0[192] ЁЯАЖЁЯАЖЁЯАЖЁЯАЖЁЯАлЁЯАлЁЯАлЁЯАл 0[2088]
0[760] ЁЯАлЁЯАлЁЯАлЁЯАлЁЯАЖЁЯАЖЁЯАЖЁЯАЖ 0[1520]
0[2112] ЁЯАЖЁЯАЖЁЯАЖЁЯАЖЁЯАлЁЯАлЁЯАлЁЯАл 0[168]
0[2200] ЁЯАлЁЯАлЁЯАлЁЯАлЁЯАлЁЯАлЁЯАлЁЯАл 0[80]
0[1976] ЁЯАлЁЯАлЁЯАлЁЯАлЁЯАЖЁЯАЖЁЯАЖЁЯАЖ 0[304]
0[2104] ЁЯАлЁЯАлЁЯАлЁЯАлЁЯАлЁЯАлЁЯАлЁЯАл 0[176]
0[1848] ЁЯАлЁЯАлЁЯАлЁЯАлЁЯАлЁЯАлЁЯАлЁЯАл 0[432]
0[1968] ЁЯАлЁЯАлЁЯАлЁЯАлЁЯАлЁЯАлЁЯАлЁЯАл 0[312]
0[1728] ЁЯАлЁЯАлЁЯАлЁЯАлЁЯАлЁЯАлЁЯАлЁЯАл 0[552]
0[1728] ЁЯАлЁЯАлЁЯАлЁЯАлЁЯАЖЁЯАЖЁЯАЖЁЯАЖ 0[552]
0[1208] ЁЯАлЁЯАлЁЯАлЁЯАлЁЯАлЁЯАлЁЯАлЁЯАл 0[1072]
0[1208] ЁЯАлЁЯАлЁЯАлЁЯАлЁЯАЖЁЯАЖЁЯАЖЁЯАЖ 0[1072]
0[1968] ЁЯАлЁЯАлЁЯАлЁЯАлЁЯАЖЁЯАЖЁЯАЖЁЯАЖ 0[312]
0[1432] ЁЯАЖЁЯАЖЁЯАЖЁЯАЖЁЯАлЁЯАлЁЯАлЁЯАл 0[848]
0[856] ЁЯАЖЁЯАЖЁЯАЖЁЯАЖЁЯАлЁЯАлЁЯАлЁЯАл 0[1424]
0[848] ЁЯАлЁЯАлЁЯАлЁЯАлЁЯАлЁЯАлЁЯАлЁЯАл 0[1432]
0[848] ЁЯАлЁЯАлЁЯАлЁЯАлЁЯАЖЁЯАЖЁЯАЖЁЯАЖ 0[1432]
0[1200] ЁЯАЖЁЯАЖЁЯАЖЁЯАЖЁЯАлЁЯАлЁЯАлЁЯАл 0[1080]
0[1424] ЁЯАлЁЯАлЁЯАлЁЯАлЁЯАЖЁЯАЖЁЯАЖЁЯАЖ 0[856]
0[360] ЁЯАлЁЯАлЁЯАлЁЯАлЁЯАЖЁЯАЖЁЯАЖЁЯАЖ 0[1920]
0[640] ЁЯАЖЁЯАЖЁЯАЖЁЯАЖЁЯАлЁЯАлЁЯАлЁЯАл 0[1640]
0[176] ЁЯАлЁЯАлЁЯАлЁЯАлЁЯАЖЁЯАЖЁЯАЖЁЯАЖ 0[2104]
0[1192] ЁЯАЖЁЯАЖЁЯАЖЁЯАЖЁЯАлЁЯАлЁЯАлЁЯАл 0[1088]
0[2208] ЁЯАЖЁЯАЖЁЯАЖЁЯАЖЁЯАлЁЯАлЁЯАлЁЯАл 0[72]
0[1976] ЁЯАЖЁЯАЖЁЯАЖЁЯАЖЁЯАлЁЯАлЁЯАлЁЯАл 0[304]
0[1968] ЁЯАЖЁЯАЖЁЯАЖЁЯАЖЁЯАлЁЯАлЁЯАлЁЯАл 0[312]
0[1840] ЁЯАлЁЯАлЁЯАлЁЯАлЁЯАлЁЯАлЁЯАлЁЯАл 0[440]
0[1840] ЁЯАлЁЯАлЁЯАлЁЯАлЁЯАЖЁЯАЖЁЯАЖЁЯАЖ 0[440]
0[1960] ЁЯАлЁЯАлЁЯАлЁЯАлЁЯАлЁЯАлЁЯАлЁЯАл 0[320]
0[1712] ЁЯАЖЁЯАЖЁЯАЖЁЯАЖЁЯАлЁЯАлЁЯАлЁЯАл 0[568]
0[1192] ЁЯАлЁЯАлЁЯАлЁЯАлЁЯАЖЁЯАЖЁЯАЖЁЯАЖ 0[1088]
0[1304] ЁЯАлЁЯАлЁЯАлЁЯАлЁЯАлЁЯАлЁЯАлЁЯАл 0[976]
0[1184] ЁЯАлЁЯАлЁЯАлЁЯАлЁЯАЖЁЯАЖЁЯАЖЁЯАЖ 0[1096]
0[1184] ЁЯАЖЁЯАЖЁЯАЖЁЯАЖЁЯАлЁЯАлЁЯАлЁЯАл 0[1096]
0[1704] ЁЯАлЁЯАлЁЯАлЁЯАлЁЯАлЁЯАлЁЯАлЁЯАл 0[576]
0[1824] ЁЯАлЁЯАлЁЯАлЁЯАлЁЯАЖЁЯАЖЁЯАЖЁЯАЖ 0[456]
0[1296] ЁЯАлЁЯАлЁЯАлЁЯАлЁЯАЖЁЯАЖЁЯАЖЁЯАЖ 0[984]
0[1528] ЁЯАлЁЯАлЁЯАлЁЯАлЁЯАлЁЯАлЁЯАлЁЯАл 0[752]
0[824] ЁЯАлЁЯАлЁЯАлЁЯАлЁЯАЖЁЯАЖЁЯАЖЁЯАЖ 0[1456]
0[720] ЁЯАЖЁЯАЖЁЯАЖЁЯАЖЁЯАлЁЯАлЁЯАлЁЯАл 0[1560]